Mercedes
	57 	34 	64 	31 	40 	49 	42 	60 	55 	30 	72 	0 	0 	0 	0 	0 	0 	0 	0 	0 	0 	0 	534.0
Red Bull
	4 	62 	39 	99 	69 	94 	69 	77 	31 	42 	50 	0 	0 	0 	0 	0 	0 	0 	0 	0 	0 	0 	636.0
Alpine
	24 	13 	10 	8 	19 	33 	15 	27 	23 	14 	40 	0 	0 	0 	0 	0 	0 	0 	0 	0 	0 	0 	226.0
Ferrari
	76 	63 	44 	30 	56 	30 	51 	3 	60 	61 	63 	0 	0 	0 	0 	0 	0 	0 	0 	0 	0 	0 	537.0
AlphaTauri
	10 	3 	8 	36 	-3 	15 	5 	18 	-3 	-7 	4 	0 	0 	0 	0 	0 	0 	0 	0 	0 	0 	0 	86.0
Aston Martin
	14 	19 	3 	32 	1 	20 	15 	28 	25 	26 	15 	0 	0 	0 	0 	0 	0 	0 	0 	0 	0 	0 	198.0
Alfa Romeo
	31 	3 	24 	35 	3 	10 	21 	3 	30 	-13 	12 	0 	0 	0 	0 	0 	0 	0 	0 	0 	0 	0 	159.0
Williams
	15 	-1 	8 	17 	26 	14 	1 	20 	9 	-8 	0 	0 	0 	0 	0 	0 	0 	0 	0 	0 	0 	0 	101.0
Haas
	27 	1 	13 	8 	5 	-6 	-16 	3 	-2 	29 	38 	0 	0 	0 	0 	0 	0 	0 	0 	0 	0 	0 	100.0
Mclaren
	9 	9 	37 	41 	1 	13 	26 	24 	3 	22 	37 	0 	0 	0 	0 	0 	0 	0 	0 	0 	0 	0 	222.0
